1 2 3 4 5 6 7 8 9
4 5 6 7 8 9 1 2 3
7 8 9 1 2 3 4 5 6
2 3 4 5 6 7 8 9 1
5 6 7 8 9 1 2 3 4
8 9 1 2 3 4 5 6 7
3 4 5 6 7 8 9 1 2
6 7 8 9 1 2 3 4 5
9 1 2 3 4 5 6 7 8

0 0 1
1 0 2
2 0 3
3 0 4
4 0 5
5 0 6
6 0 7
7 0 8
8 0 9
0 1 4
1 1 5
2 1 6
3 1 7
4 1 8
5 1 9
6 1 1
7 1 2
8 1 3
0 2 7
1 2 8
2 2 9
3 2 1
4 2 2
5 2 3
6 2 4
7 2 5
8 2 6
0 3 2
1 3 3
2 3 4
3 3 5
4 3 6
5 3 7
6 3 8
7 3 9
8 3 1
0 4 5
1 4 6
2 4 7
3 4 8
4 4 9
5 4 1
6 4 2
7 4 3
8 4 4
0 5 8
1 5 9
2 5 1
3 5 2
4 5 3
5 5 4
6 5 5
7 5 6
8 5 7
0 6 3
1 6 4
2 6 5
3 6 6
4 6 7
5 6 8
6 6 9
7 6 1
8 6 2
0 7 6
1 7 7
2 7 8
3 7 9
4 7 1
5 7 2
6 7 3
7 7 4
8 7 5
0 8 9
1 8 1
2 8 2
3 8 3
4 8 4
5 8 5
6 8 6
7 8 7
8 8 8

b[0][0]->place(1); b[1][0]->place(2); b[2][0]->place(3); b[3][0]->place(4); b[4][0]->place(5); b[5][0]->place(6); b[6][0]->place(7); b[7][0]->place(8); b[8][0]->place(9);
b[0][1]->place(4); b[1][1]->place(5); b[2][1]->place(6); b[3][1]->place(7); b[4][1]->place(8); b[5][1]->place(9); b[6][1]->place(1); b[7][1]->place(2); b[8][1]->place(3);
b[0][2]->place(7); b[1][2]->place(8); b[2][2]->place(9); b[3][2]->place(1); b[4][2]->place(2); b[5][2]->place(3); b[6][2]->place(4); b[7][2]->place(5); b[8][2]->place(6);
b[0][3]->place(2); b[1][3]->place(3); b[2][3]->place(4); b[3][3]->place(5); b[4][3]->place(6); b[5][3]->place(7); b[6][3]->place(8); b[7][3]->place(9); b[8][3]->place(1);
b[0][4]->place(5); b[1][4]->place(6); b[2][4]->place(7); b[3][4]->place(8); b[4][4]->place(9); b[5][4]->place(1); b[6][4]->place(2); b[7][4]->place(3); b[8][4]->place(4);
b[0][5]->place(8); b[1][5]->place(9); b[2][5]->place(1); b[3][5]->place(2); b[4][5]->place(3); b[5][5]->place(4); b[6][5]->place(5); b[7][5]->place(6); b[8][5]->place(7);
b[0][6]->place(3); b[1][6]->place(4); b[2][6]->place(5); b[3][6]->place(6); b[4][6]->place(7); b[5][6]->place(8); b[6][6]->place(9); b[7][6]->place(1); b[8][6]->place(2);
b[0][7]->place(6); b[1][7]->place(7); b[2][7]->place(8); b[3][7]->place(9); b[4][7]->place(1); b[5][7]->place(2); b[6][7]->place(3); b[7][7]->place(4); b[8][7]->place(5);
b[0][8]->place(9); b[1][8]->place(1); b[2][8]->place(2); b[3][8]->place(3); b[4][8]->place(4); b[5][8]->place(5); b[6][8]->place(6); b[7][8]->place(7); b[8][8]->place(8);